360.7029922035043 388.98365101196373 568.8114710147432 136.18778702194558 510.4407242686105 
170.8858611119297 198.89201807539774 570.783133668353 149.5705731927643 327.1259072019155 
260.532736598566 283.83429003444417 575.4311031702001 47.56748526147888 82.63576817302545 
165.76158290560986 608.0207155785238 282.7652838005246 331.36524894389777 466.03553547333473 
297.5314400956845 444.9405405337409 503.53933231380944 524.0535803955825 121.3726255510927 
20.907411676069913 563.8088003872587 235.01436082088003 416.77791579331836 580.5436760460706 
146.71603947851952 609.3833259648266 545.0895954663301 214.39959344219469 294.72814829789456 
334.5434194698959 433.81397260865634 184.03882839914178 253.3378960221181 397.2244553785486 
92.54136887736627 518.7049235131872 594.3263390968574 175.30527946386297 48.824710646683684 
441.9072468546929 88.28078268467542 357.5819844122718 400.1103767197495 461.5201971700363 
297.4618643139623 600.0963436578376 527.8149069830383 106.98923823364674 210.11353057882053 
377.61803187599423 469.6416792471301 447.237648870396 587.3095816273966 238.87436331239735 
296.2308412086078 272.86775223401196 43.43064816596059 224.1213707646676 588.2366986540984 
176.25029181469387 431.3652801865751 153.64988933744294 59.925922837150864 113.09569540985461 
253.5288467427648 45.82057954723382 325.39063062746953 179.10113145963226 569.7941360874016 
273.22131696903455 353.46992835096717 85.26691569681363 23.427288441991028 615.5410662854666 
507.47367340681274 165.4761054575868 156.12283001216954 517.7537339856337 215.8022010421323 
299.93104970913794 333.2316148621835 612.2058091204269 469.5559447141239 488.04066508528393 
150.27541197072182 313.20160375619196 293.22836214411655 354.35204058326696 341.8417429151967 
242.679808656184 484.57622513343955 421.1203155564895 563.9529980794874 395.5750551323154 
469.7609221740922 331.1104560080557 371.00329825144274 103.45833717741931 69.85438041889725 
154.22469947631305 258.3570713906288 605.0499892908841 124.80365390513265 261.54950362363337 
391.70294107271906 382.1989176456903 270.94758343064746 200.41554977255595 194.25672204742827 
569.9219811753788 118.17961520959257 154.06484660690688 312.90736528554675 99.09708164818407 
22.850241821301204 319.51835564191265 234.39945572699725 580.4038727179064 202.50299611725578 
287.23814344778816 572.6460738130316 288.10578559955565 88.53770746883707 56.177745981371466 
598.2658698836505 552.2670801936644 562.8946872702389 267.81435214927865 331.43785406932557 
617.9987310660115 474.85372742283 592.7567646484032 469.1680234493579 380.3267900514305 
584.0415831856949 153.52274967758152 168.06109217748872 553.2772449948137 25.741667656442505 
417.0796486296284 53.69160280928798 181.77072582534507 544.5997499664204 340.7417515988581 
