57.149309570368004 243.4558423397698 144.67880643006586 276.5333914062551 189.2433238173321 
262.82635595285615 386.28990643639287 332.19637591143015 414.1066839648229 210.6553393659506 
159.28450761667656 388.1109858154187 434.4773920809543 232.21516619463966 370.60556282807505 
390.8591865827275 490.3525307547525 220.8805038295816 60.139380600131844 391.1892747101509 
173.7164691991751 234.7928766022808 142.09487268437132 366.09124885542576 151.7469374335753 
37.335057070509315 305.83715553840045 181.2835761984905 81.70195748520291 75.86847413166042 
421.87861109943265 71.06438348747301 125.69085337997831 338.186552863482 423.7306109223391 
137.48038720623993 98.53239219206715 151.1374094937637 261.3188563002418 495.76649173279395 
406.90316988907443 110.86873816732906 146.66564647617318 318.00927679309336 62.979484232188625 
459.14813782326326 437.5420834431686 151.9875452234514 180.77572278641918 345.212084654466 
129.7933727044172 17.142902751638367 488.3823183104532 37.59654141743046 54.04036632657654 
404.6336860961657 14.306601329786941 275.40238298730594 497.46039217387784 433.42517756626387 
231.11955373388614 73.44874491014374 96.35066839302974 39.369411286159945 64.61146910077369 
420.7674855232548 470.1771793984832 199.22753530320068 301.6599445476022 436.891790164483 
192.81234595567946 316.5879341205885 55.01301982080585 175.3921564700962 321.6645705028085 
21.633295706403256 68.19081019329192 389.1126961498411 330.4026587578646 261.70960772754995 
268.7086239709101 196.56112262402502 415.9784259942338 184.65027078559558 102.8247286364367 
213.9054008893631 275.6504853063107 441.8085555470051 310.0160060277606 342.03013470052224 
74.71237351147563 162.75133449970795 420.38432157709127 23.106006435515347 450.6281647468328 
478.5673785584412 383.1971497563901 406.1252143467174 24.2787013300088 95.74323493247743 
359.7651578212657 485.8560921804978 14.021446656089056 47.55994295057064 338.86023411917887 
404.6700756593659 173.2673392944431 374.96348877272885 357.8768157911013 231.6940927762075 
397.2775003206127 113.86240842054895 237.93977488976535 158.7415461197982 469.8830501124347 
90.80539907752993 366.1620120415815 177.47490830181738 45.83119584466782 153.99227731058312 
183.25479688323475 427.25322908970986 89.46062611916582 91.57121494467206 159.6939634218421 
28.117534337423578 115.40936278899731 114.17560241767183 168.6452491441327 338.36726258147115 
202.0582889527785 403.65340701744424 288.8516960337277 201.1809242853074 373.41326848433016 
354.94234975118746 195.68642094843364 369.73411097302073 70.12923626140815 263.044017843507 
423.57368469249496 425.26787159726626 55.37917073332842 332.04983800720305 407.98160821391554 
127.56066906411594 226.27123485897866 508.1722919788336 340.18946153650336 262.2570795460755 
